
1 49.525555 5.940555
2 49.525555 5.940555
3 49.738888 6.345000
4 49.608333 6.405833
5 49.796666 6.155555
6 49.828611 5.764722
7 49.757777 6.353333
8 49.716388 6.490000
9 49.533333 6.316666
10 49.716388 6.490000
11 49.616666 6.233333
12 49.533333 6.316666
13 49.501388 6.352777
14 50.053333 5.919166
15 49.967777 5.890277
16 50.053333 5.919166
17 49.623611 6.136388
18 49.650000 6.050000
19 49.968888 5.931944
20 49.988888 5.999166
21 49.988888 5.999166
22 50.140555 6.023888
23 49.650000 6.050000
24 49.968888 5.931944
25 49.938611 6.156111
26 49.850000 6.116666
27 49.541388 6.021666
28 49.750000 6.200000
29 49.719722 6.200000
30 49.511111 5.873888
31 50.053333 5.919166
32 50.155555 6.053333
33 50.155555 6.053333
34 49.816944 6.088055
35 49.888055 6.067777
36 49.523888 6.342222
37 49.538055 6.284166
38 50.137222 6.075000
39 49.566666 6.116666
40 49.623611 6.136388
41 49.600000 6.150000
42 49.866666 6.216666
43 49.866666 6.216666
44 49.963611 6.124166
45 49.540833 6.200833
46 49.833333 6.382777
47 50.104444 5.946111
48 49.963611 6.124166
49 49.972777 5.941944
50 50.038333 5.989444
51 49.691388 6.388333
52 49.816666 6.250000
53 49.816666 6.250000
54 49.623611 6.136388
55 49.944166 5.785833
56 49.710000 6.500277
57 49.854444 6.095000
58 49.800000 5.866666
59 49.944166 5.785833
60 49.658333 6.137222
61 49.926666 6.173611
62 49.555000 6.287500
63 49.788888 6.286666
64 49.816666 6.300000
65 49.985277 6.126666
66 49.985277 6.126666
67 49.836666 5.906388
68 49.803055 6.000000
69 49.935000 6.208888
70 49.511111 5.873888
71 49.769722 5.982222
72 50.075555 6.046666
73 50.001666 6.145555
74 50.121111 6.000277
75 49.628611 6.278055
76 49.717777 6.010277
77 49.717777 6.010277
78 50.064444 5.883055
79 50.121111 6.000277
80 50.046111 5.878055
81 50.064444 5.883055
82 49.570833 6.280555
83 49.960277 5.860833
84 49.916666 5.783333
85 49.916666 5.783333
86 49.894444 6.163611
87 49.700000 6.433333
88 49.475833 6.042222
89 49.950555 5.796111
90 49.897500 6.183333
91 49.911388 5.995555
92 49.561944 6.221666
93 49.903055 5.780000
94 49.903055 5.780000
95 49.620555 6.073333
96 49.967222 6.167777
97 49.967222 6.167777
98 50.078888 5.958055
99 49.676944 6.123888
100 49.696111 5.920277
101 49.811388 6.478333
102 49.661388 5.919166
103 49.866666 6.216666
104 49.536388 6.029444
105 49.830000 6.171944
106 49.816666 5.866666
107 49.562777 6.364444
108 49.581388 5.966944
109 49.965000 5.826666
110 49.965000 5.826666
111 49.525555 5.940555
112 49.701111 5.967222
113 49.628055 6.104444
114 49.701111 5.967222
115 50.010555 6.026666
116 49.701111 5.967222
117 49.628055 6.104444
118 49.641944 6.239444
119 50.018055 5.948888
120 49.853055 6.187222
121 49.716666 6.133333
122 49.830555 5.854444
123 49.830555 5.854444
124 49.722777 5.927500
125 49.511666 6.356944
126 49.511666 6.356944
127 49.746111 5.971944
128 49.716666 6.216666
129 49.620555 6.268611
130 49.797777 6.159166
131 49.605833 6.258888
132 49.582500 5.956388
133 49.744166 6.170833
134 49.718888 6.092222
135 49.683333 5.950000
136 50.181666 6.025277
137 49.933055 6.063611
138 49.990555 5.857500
139 49.578333 6.058888
140 49.578333 6.058888
141 49.990555 5.857500
142 49.716666 6.133333
143 50.010277 5.852222
144 49.506388 6.012777
145 49.830555 6.098611
146 49.590000 6.316111
147 49.590000 6.316111
148 49.471666 6.365833
149 49.775000 6.360555
150 49.893611 6.044722
151 49.792222 5.975833
152 49.804166 6.253888
153 49.548055 5.928888
154 50.099444 5.997500
155 49.548055 5.928888
156 49.613333 6.218888
157 49.695277 5.870555
158 49.727222 5.986388
159 49.695277 5.870555
160 50.080000 5.975555
161 49.460833 6.033055
162 49.460833 6.033055
163 49.955833 5.924722
164 49.786666 6.096111
165 49.797777 6.504166
166 49.786666 6.096111
167 49.662500 6.302777
168 49.691944 6.002222
169 49.794444 5.821666
170 49.794444 5.821666
171 49.662500 6.302777
172 49.866944 5.773333
173 49.866944 5.773333
174 49.834722 5.742777
175 49.622777 6.107777
176 49.741666 6.114444
177 49.548888 6.317222
178 49.546388 5.856388
179 49.548888 6.317222
180 49.542222 6.150000
181 49.567777 6.285000
182 49.567777 6.285000
183 49.574722 6.034722
184 49.567777 6.285000
185 50.036666 6.131111
186 50.055833 6.083611
187 49.531111 5.847222
188 49.682500 6.289166
189 49.691944 6.002222
190 49.779722 5.935277
191 49.546388 5.840833
192 49.751666 5.957500
193 49.734166 6.319444
194 49.916944 6.011944
195 49.850277 5.901388
196 50.080000 5.975555
197 50.057777 6.037500
198 49.746666 6.260277
199 49.545000 6.366944
200 49.488611 6.351666
201 49.868611 6.267777
202 49.797222 5.953888
203 49.773611 5.928055
204 49.765555 5.890833
205 49.765555 5.890833
206 49.765555 5.890833
207 49.960277 5.860833
208 49.533333 6.316666
209 49.562500 6.008888
210 49.749722 6.083055
211 49.749722 6.083055
212 49.562500 6.008888
213 49.656944 6.233611
214 49.656944 6.233611
215 49.830833 5.845000
216 49.960833 6.143055
217 49.616666 6.166666
218 49.717500 6.120277
219 49.717500 6.120277
220 49.801666 5.939166
221 49.673333 6.400833
222 49.673333 6.400833
223 49.536388 6.029444
224 49.960277 5.860833
225 49.791111 5.934722
226 49.770277 6.109166
227 49.770277 6.109166
228 49.549444 6.000277
229 49.994444 6.013055
230 50.012777 6.091388
231 49.916666 6.000000
232 49.916666 6.000000
233 49.616666 6.133333
234 49.916666 6.000000
235 49.770277 6.109166
236 49.779722 5.809444
237 49.558333 5.880555
238 49.558333 5.880555
239 49.811666 5.765833
240 49.524444 6.129722
241 50.107222 6.007777
242 49.778888 6.441388
243 49.783888 5.904444
244 49.657222 6.000277
245 49.668333 6.330277
246 49.676111 6.315555
247 49.616666 6.266666
248 49.596388 6.260000
249 50.016666 5.860833
250 49.950000 6.066666
251 49.833333 6.100000
252 49.730277 5.843888
253 49.833333 6.016666
254 49.513611 5.896111
255 49.577500 5.910833
256 49.777500 6.150555
257 49.848055 6.035555
258 50.007222 6.146666
259 49.646666 6.400555
260 49.768611 5.820000
261 50.156666 5.978611
262 49.653611 6.241111
263 49.941388 5.882777
264 49.675277 6.008888
265 49.786944 6.174722
266 49.789166 5.857777
267 49.509166 6.056111
268 49.979722 5.910833
269 49.742222 5.926111
270 49.947500 5.979166
271 49.701666 5.916388
272 49.969166 5.923055
273 50.011666 5.843611
274 49.933333 6.066666
275 49.833333 6.100000
276 49.755277 5.912222
277 49.833333 6.016666
278 49.536111 5.893055
279 49.567500 5.910277
280 49.855555 6.047222
281 49.631388 6.403611
282 49.758333 5.826944
283 50.145833 5.983888
284 49.883333 6.200000
285 49.647500 6.260000
286 49.877500 5.887222
287 50.080555 5.921666
288 49.900000 5.950000
289 49.700000 5.900000
290 49.616666 6.233333
291 49.566666 5.933333
292 49.619444 6.240000
293 49.616388 6.156666
294 49.623611 6.136388
295 50.028888 6.066666
296 49.855555 6.047222
297 49.789166 5.857777
298 49.948333 6.129444
299 49.629166 6.267500
300 50.033611 6.038611
301 49.693888 6.442222
302 49.784722 6.310833
303 49.680277 6.130000
304 49.631666 6.119166
305 49.680277 6.130000
306 49.585277 6.255555
307 49.733333 6.216666
308 49.700000 6.116666
309 49.738333 6.500000
310 49.748888 6.106111
311 49.533055 5.988333
312 49.505000 6.281111
313 49.533055 5.988333
314 49.746111 6.465000
315 49.867777 6.239444
316 49.768055 6.116666
317 49.738333 6.500000
318 49.866666 5.833333
319 49.866666 5.833333
320 49.818611 6.020277
321 49.818611 6.020277
322 49.818611 6.020277
323 49.900000 6.091944
324 49.761666 6.188888
325 49.833888 6.007500
326 49.833888 6.007500
327 49.696111 6.481388
328 49.954722 6.106944
329 49.871944 5.972500
330 49.954722 6.106944
331 49.871944 5.972500
332 49.748888 6.106111
333 49.603333 6.095555
334 49.962500 5.981666
335 49.962500 5.981666
336 49.962500 5.981666
337 49.816666 5.866666
338 49.962500 5.981666
339 49.650833 6.303611
340 49.691111 6.059166
341 49.572777 6.248611
342 49.801944 6.218333
343 50.040833 6.017500
344 49.923333 5.872222
345 50.040833 6.017500
346 49.923333 5.872222
347 49.600000 6.250000
348 49.883333 5.900000
349 50.117500 5.992777
350 49.930833 6.037222
351 49.900000 6.209166
352 49.866944 5.773333
353 49.954722 6.106944
354 50.053333 6.061944
355 49.710000 6.061666
356 50.051666 6.074722
357 49.702777 6.426388
358 49.627500 6.023333
359 49.800000 5.866666
360 49.757777 6.353333
361 49.716666 6.183333
362 49.789444 5.839722
363 49.789444 5.839722
364 49.701666 5.916388
365 49.810555 5.918611
366 49.733333 6.133333
367 49.668333 6.330277
368 49.700000 5.983333
369 49.779722 5.935277
370 49.516666 6.166666
371 49.883333 6.233333
372 49.750000 5.850000
373 49.700000 6.283333
374 49.566666 5.933333
375 49.766666 6.450000
376 49.822222 5.855833
377 49.516666 5.850000
378 49.833333 6.183333
379 49.655555 6.434444
380 49.655555 6.434444
381 49.611666 6.130000
382 49.611666 6.130000
383 49.909444 5.890833
384 50.060000 5.941944
385 49.859444 5.851111
386 49.859444 5.851111
387 49.694722 6.142500
388 49.694722 6.142500
389 49.898888 6.205277
390 49.530277 6.120277
391 49.918611 6.086666
392 49.715833 6.133611
393 49.565833 5.886666
394 49.620833 6.121666
395 49.558888 5.980555
396 50.124444 6.110000
397 49.910000 5.877500
398 49.739722 5.856666
399 49.568333 6.065277
400 49.611666 6.130000
401 50.070000 5.978055
402 49.598611 6.368055
403 49.983611 6.014444
404 49.799444 6.086111
405 49.983611 6.014444
406 49.716111 6.436388
407 50.160833 6.108888
408 49.800000 6.100000
409 49.790000 6.388333
410 50.119166 6.083333
411 49.525000 5.837500
412 49.776944 6.221111
413 49.798611 5.835277
414 49.789444 5.839722
415 49.924444 6.130277
416 49.620833 6.121666
417 49.546388 5.856388
418 49.546388 5.856388
419 49.516666 5.850000
420 49.596666 5.875833
421 49.596666 5.875833
422 49.870555 5.903055
423 49.791944 6.132777
424 49.701666 5.916388
425 49.701666 5.916388
426 49.535555 6.146944
427 49.670000 5.950000
428 49.664444 6.073055
429 49.974722 6.054166
430 49.838055 5.840277
431 49.670000 5.950000
432 49.728333 6.210277
433 49.561111 6.112222
434 50.069444 6.070555
435 50.069444 6.070555
436 49.750277 6.306111
437 49.741944 6.018611
438 50.013333 5.964722
439 49.741944 6.018611
440 50.054722 6.031388
441 49.532500 6.355277
442 50.019444 5.968055
443 49.646388 5.916388
444 49.623888 6.149444
445 49.903333 6.135000
446 49.674722 6.320555
447 49.694444 6.069444
448 49.900833 6.037222
449 49.668333 6.035833
450 49.489166 6.039722
451 49.952777 6.020000
452 49.921388 5.903055
453 49.739444 5.970555
454 49.866666 6.233333
455 49.634444 6.355833
456 49.645000 5.990833
457 49.644444 5.984444
458 49.778333 5.895000
459 50.102777 6.113055
460 49.631388 5.917777
461 49.707222 6.253055
462 49.883333 6.200000
463 49.716666 6.366666
464 49.716666 6.366666
465 49.816666 5.950000
466 49.584166 6.173611
467 49.474444 6.079444
468 49.950555 5.796111
469 49.950555 5.796111
470 49.901666 5.884722
471 49.851944 6.134722
472 49.697500 6.197500
473 49.599722 6.387777
474 49.736111 5.898611
475 50.096111 6.059166
476 49.696666 6.131666
477 49.516944 6.065000
478 50.164722 6.015000
479 50.181666 6.025277
480 50.164722 6.015000
481 50.133333 6.066666
482 49.722500 5.907222
483 49.950000 5.800000
484 49.810000 5.866666
485 49.650833 6.235000
486 49.810000 5.866666
487 49.650833 6.235000
488 50.017777 6.093333
489 49.938611 6.156111
490 49.938611 6.156111
491 49.973055 6.091666
492 49.947222 6.081666
493 49.810555 5.918611
494 49.810555 5.918611
495 49.810555 5.918611
496 50.083333 6.000000
497 49.985000 6.073333
498 49.616388 5.990277
499 49.807222 5.791666
500 49.807222 5.791666
501 49.602500 6.124166
502 50.123611 6.049444
503 49.713055 6.050833
504 49.947222 6.081666
505 49.632500 6.220833
506 50.099722 5.923333
507 49.883888 6.258055
508 49.566666 5.933333
509 49.632500 6.220833
510 49.688611 5.914722
511 49.607222 5.932222
512 49.776388 6.515277
513 49.873055 5.931111
514 49.568055 6.151388
515 49.750277 6.328611
516 49.873055 5.931111
517 49.741666 6.427777
518 49.734444 6.336111
519 49.652777 6.141388
520 49.687222 6.143611
521 49.506666 6.150555
522 49.857222 5.880555
523 49.950555 5.796111
524 49.857222 5.880555
525 49.668611 6.142222
526 50.046111 5.904166
527 49.668611 6.142222
528 50.096111 6.088055
529 49.903611 5.962222
530 49.888888 5.978888
531 49.762500 6.241388
532 49.683333 5.933333
533 49.950000 6.066666
534 49.833333 6.016666
535 49.825000 5.751111
536 49.848055 6.035555
537 49.768611 5.820000
538 49.577500 5.910833
539 50.156666 5.978611
540 49.520833 6.186666
541 49.548611 6.209166
542 49.931388 5.790000
543 49.606944 6.168611
544 50.046111 5.904166
545 49.812500 6.282500
546 49.857222 5.880555
547 49.649444 5.931666
548 49.687777 6.365555
549 49.566666 5.933333
550 49.873055 5.931111
551 50.108055 5.923333
552 49.900000 5.900000
553 49.835000 6.331388
554 49.616666 6.133333
555 49.984444 5.872500
556 49.984444 5.872500
557 49.827777 5.967222
558 49.880277 6.221944
559 49.762500 6.033888
560 50.083333 6.060000
561 49.673333 6.400833
562 49.674722 6.441944
563 49.762500 6.033888
564 49.762500 6.033888
565 49.633333 6.200000
566 49.633333 6.200000
567 49.853055 5.915833
568 49.853055 5.915833
569 49.831944 6.093055
570 49.583888 6.359166
571 49.709722 5.988333
572 49.734722 6.287222
573 49.630833 5.891388
574 49.630833 5.891388
575 49.936944 6.101666
576 49.660277 5.981666
577 49.619166 6.354444
578 49.726388 6.116944
579 49.921666 5.968333
580 49.921666 5.968333
581 49.688888 6.248333
582 49.660277 5.981666
583 49.660277 5.981666
584 49.921666 5.968333
585 49.822222 5.855833
586 50.149166 6.013333
587 50.149166 6.013333
588 49.669722 5.965277
589 49.922500 6.054166
590 49.728888 6.231944
591 50.149166 6.013333
592 49.742222 6.480000
593 49.742222 6.480000
594 49.767222 6.498888
595 49.777777 6.499444
596 49.767222 6.498888
597 49.866944 6.182500
598 49.759166 6.387777
599 49.750000 6.000000
600 49.585555 6.123055
601 49.616666 5.952500
602 49.600000 6.166666
603 49.695277 5.870555
604 50.107222 6.007777
605 49.666666 6.416666
606 49.666666 6.416666
607 49.515000 6.191666
608 49.816666 5.866666
609 49.915555 6.196111
610 50.181666 6.025277
611 49.938611 6.156111
612 49.903611 5.962222
613 49.814166 5.874722
614 49.843055 6.204166
615 49.529444 6.010833
616 49.899166 5.812777
617 49.836111 5.789166
618 49.661666 6.343611
619 49.836111 5.789166
620 49.836111 5.789166
621 49.836111 5.789166
622 50.075277 6.068888
623 50.075277 6.068888
624 49.739722 6.187222
625 49.695277 5.870555
626 49.759166 6.041111
627 49.603611 5.900833
628 49.623888 6.202777
629 49.532500 6.248333
630 49.855555 6.047222
631 49.511111 5.873888
632 49.650000 6.050000
633 49.750000 6.200000
634 49.511111 5.873888
635 49.816666 6.116666
636 49.799444 6.086111
637 49.531111 5.847222
638 49.533333 6.316666
639 49.866666 5.833333
640 49.866944 5.773333
641 49.859444 5.851111
642 49.634444 6.355833
643 49.883333 6.166666
644 49.633333 6.200000
645 49.933333 5.800000
646 49.666666 6.416666
647 49.843055 6.204166
648 49.933333 5.800000
649 50.150000 6.050000
650 49.511111 5.873888
651 49.507500 6.287500
652 49.616666 6.216666
653 49.531111 5.847222
654 49.562777 6.153888
655 50.012777 6.091388
656 49.519722 6.078333
657 49.776944 6.221111
658 49.933333 6.216666
659 49.774166 5.955555
660 49.847500 6.104166
661 49.847500 6.104166
662 49.778888 6.116666
663 50.062777 6.003611
664 49.711388 6.310555
665 49.997777 5.948888
666 49.711388 6.310555
667 49.911388 5.936388
668 49.495833 5.980555
669 49.950555 5.796111
670 49.823055 5.888333
671 49.886111 5.936666
672 49.911388 5.936388
673 49.495833 5.980555
674 49.911388 5.936388
675 49.574444 6.275555
676 49.864722 6.114722
677 49.544444 6.327500
678 49.978055 5.948611
679 49.864722 6.114722
680 49.544444 6.327500
681 49.978055 5.948611
682 49.765833 6.221944
683 49.675555 6.247222
684 49.510277 5.943611
685 49.829444 6.222777
686 49.844444 6.249722
687 49.999444 5.992777
688 49.599722 6.387777
689 50.093611 5.956666
690 50.093611 5.956666
691 49.486944 6.291666
692 49.724722 5.917777
693 49.505277 6.316388
694 49.724722 5.917777
695 49.505277 6.316388
696 49.778333 5.895000
697 49.778333 5.895000
698 49.520000 6.298333
699 49.763888 5.857222
700 49.686666 6.185277
701 49.685555 5.878611
702 49.628888 6.131944
703 49.717500 5.950000
704 49.599722 6.387777
705 50.093611 5.956666
706 50.093611 5.956666
707 49.524166 5.966111
708 49.548888 6.016944
709 49.805555 6.422222
710 49.480555 6.087500
711 49.480555 6.087500
712 50.133611 6.019166
713 50.133611 6.019166
714 50.133611 6.019166
715 49.617222 6.393888
716 50.017777 6.006111
717 50.039166 6.079722
718 50.039166 6.079722
719 50.036111 6.071388
720 50.062222 5.955833
721 50.062222 5.955833
722 49.970000 5.837222
723 49.629722 6.139166
724 50.062222 5.955833
725 49.921111 6.038333
726 49.588333 5.983333
727 49.853611 6.319166
728 49.853611 6.319166
729 49.726111 5.841111
730 49.524166 5.891388
731 49.524166 5.891388
732 49.921111 6.038333
733 49.867777 6.155833
734 49.726111 5.841111
735 49.777500 6.472222
736 49.973055 6.091666
737 50.015000 5.889722
738 49.921111 6.038333
739 49.859166 5.961388
740 50.065555 5.963888
741 50.093611 5.956666
742 49.507500 6.287500
743 49.540833 6.259722
744 49.602222 5.948333
745 49.935277 5.975833
746 49.791944 6.132777
747 50.057777 5.898055
748 49.535555 6.146944
749 49.581944 6.226666
750 49.974722 6.054166
751 49.773055 6.338333
752 49.768611 5.820000
753 49.758333 5.826944
754 49.810277 6.097222
755 49.761944 6.303333
756 49.761944 6.303333
757 50.054722 6.031388
758 50.054722 6.031388
759 49.596666 5.875833
760 49.611388 6.136111
761 49.866666 6.183333
762 49.866666 6.183333
763 49.866666 6.183333
764 50.107222 6.007777
765 49.781111 6.273611
766 49.761666 6.188888
767 49.933333 6.216666
768 49.617222 6.393888
769 49.826944 6.091388
770 49.933333 6.216666
771 49.589444 6.106944
772 49.645000 5.990833
773 49.644444 5.984444
774 49.606944 6.325833
775 49.725555 5.964444
776 49.758055 6.478611
777 49.827222 5.935833
778 49.750833 6.008333
779 49.910000 6.067222
780 49.485277 6.323055
781 49.900833 5.858611
782 49.883055 6.098888
783 49.491111 6.092500
784 49.933888 5.941944
785 49.492777 6.069444
786 49.658333 6.364722
787 49.981666 5.906111
788 49.859444 5.851111
789 49.723611 6.342500
790 49.723611 6.342500
791 49.723611 6.342500
792 49.736111 6.023055
793 49.853055 6.187222
794 49.658333 6.082222
795 49.770833 6.304166
796 49.706666 6.340555
797 49.770833 6.304166
798 50.124166 6.063611
799 49.855555 5.903611
800 49.912500 6.140000
801 49.656666 6.049722
802 50.021388 5.911388
803 50.083888 5.992500
804 49.775277 6.015555
805 49.775277 6.015555
806 49.733333 6.133333
807 49.553888 6.329166
808 49.758055 6.478611
809 49.910000 6.067222
810 49.697777 6.219722
811 49.900833 5.858611
812 49.701388 6.018888
813 49.887777 5.816388
814 49.717777 6.355000
815 49.717777 6.355000
816 49.754166 6.513888
817 49.594444 6.150000
818 49.903611 5.888055
819 49.851666 5.793333
820 49.903611 5.888055
821 50.058333 6.066388
822 49.974166 5.843888
823 49.683055 6.141666
824 49.775277 6.015555
825 49.921944 5.849444
826 49.921944 5.849444
827 49.775277 6.015555
828 50.046388 5.934166
829 50.046388 5.934166
830 50.046388 5.934166
831 49.923333 5.997500
832 50.012222 6.052777
833 50.012222 6.052777
834 50.012222 6.052777
835 49.923333 5.997500
836 49.738333 6.267222
837 49.697222 6.170555
838 50.118055 5.979166
839 49.702777 6.374722
840 49.960277 6.192222
841 49.544444 6.137777
842 49.960277 6.192222
843 49.787500 6.069444
844 50.083333 6.000000
845 49.826944 6.091388
846 49.616666 6.216666
847 49.616666 6.216666
848 49.616666 6.216666
849 49.544444 6.137777
850 50.118888 6.038611
851 49.857500 5.825000
852 49.759166 6.239722
853 49.851666 5.793333
854 49.860277 6.288055
855 49.626388 6.336944
856 49.683333 6.350000
857 49.876666 6.218055
858 49.518611 6.102777
859 49.917222 6.227777
860 49.795277 5.941111
861 49.575833 5.983888
862 49.575833 5.983888
863 49.611111 6.050000
864 49.743888 6.115000
865 49.952222 5.856111
866 49.758333 6.116944
867 49.677777 6.359444
868 49.525000 6.042222
869 49.813611 6.089166
870 49.766666 5.866666
871 49.677777 6.359444
872 49.843611 6.268055
873 49.656944 6.127500
874 49.813611 6.350277
875 49.540277 6.129166
876 49.540277 6.129166
877 49.727222 6.393888
878 49.512777 5.929444
879 49.510277 5.943611
880 49.512777 5.929444
881 50.165555 6.088888
882 49.723333 6.302500
883 49.649166 6.128333
884 49.835833 6.291666
885 49.730555 5.887222
886 49.746111 6.363611
887 49.528055 6.353888
888 49.835833 6.291666
889 49.921944 5.849444
890 49.887777 5.816388
891 49.891944 6.165277
892 49.833333 6.016666
893 49.758333 5.826944
894 49.898333 5.820277
895 49.883333 5.900000
896 49.567500 5.910277
897 50.145833 5.983888
898 50.046111 5.878055
899 49.668333 6.330277
900 49.516666 5.850000
901 50.012777 6.091388
902 49.900000 6.050000
903 50.097222 5.973055
904 49.900000 6.050000
905 49.552777 6.315833
906 49.522777 6.224722
907 49.861388 5.843888
908 49.702500 6.043333
909 49.756388 6.160833
910 49.766666 5.866666
911 49.565000 6.163611
912 49.510555 6.257222
913 49.744166 6.328333
914 49.744166 6.328333
915 49.715555 6.216666
916 49.700000 5.983333
917 49.971111 6.009722
918 50.036666 5.870833
919 49.531111 5.847222
920 49.624444 6.421666
921 49.533333 5.900000
922 49.533611 6.080833
923 49.474444 6.079444
924 49.511111 5.873888
925 49.513611 5.896111
926 49.531111 5.847222
927 49.536111 5.893055
928 49.562500 6.008888
929 49.575833 5.983888
930 49.578333 6.058888
931 49.589444 6.106944
932 49.656666 6.049722
933 49.696111 5.920277
934 49.701666 5.916388
935 49.741944 6.018611
936 49.759166 6.041111
937 49.798611 5.835277
938 49.799444 6.086111
939 49.484722 6.097777
940 49.530833 6.355000
941 49.565000 6.163611
942 49.590000 6.316111
943 49.619444 6.240000
944 49.632500 6.220833
945 49.629166 6.267500
946 49.674722 6.320555
947 49.716388 6.490000
948 49.759166 6.239722
949 49.757777 6.353333
950 49.759166 6.387777
951 49.784722 6.310833
952 49.796666 6.155555
953 49.790000 6.388333
954 49.834722 5.742777
955 49.851944 6.134722
956 49.859444 5.851111
957 49.866944 5.773333
958 49.899166 5.812777
959 49.900833 5.858611
960 49.903611 5.962222
961 49.903333 6.135000
962 49.923055 5.878611
963 49.974166 5.843888
964 49.981666 5.906111
965 50.012777 6.091388
966 50.040833 6.017500
967 50.039166 6.079722
968 50.046111 5.878055
969 50.046388 5.934166
970 50.062222 5.955833
971 50.065555 5.963888
972 50.080555 5.921666
973 50.093611 5.956666
974 50.155555 6.053333
975 50.181666 6.025277
976 50.108055 5.923333
977 49.880277 6.221944
978 49.894444 6.163611
979 49.926666 6.173611
980 49.938611 6.156111